283440115
283210302
282834425
282829097
282825577
282696628
282692729
282689632
282685247
282285150
282065650
282062220
281831580
281827725
281569336
281320619
281288758
281208459
281200975
281193451
281190485
281038593
281038335
281038097
281037724
281037511
281037067
280960352
280867680
280861342
280861212
280617238
280613784
280611767
280611559
280610560
280610228
280609910
280609482
280359015
280349825
280347811
279546674
279542003
279533004
279532390
279531788
279437639
279412850
279410488
279263563
279260483
279256876
279255335
278201834
277902957
276784081
276783528
276783428
276781985
276781460
276781242
276522131
276214281
275914943
275914108
275913448
275912047
275906340
275502604
275485044
275481534
275473685
275316729
275310599
275306116
275272197
275272067
275271777
275268514
275265736
275219698
275075798
275074928
275074002
275072305
275071771
275071146
274830726
274242596
274238440
274237568
274236933
274236650
274236052
273559689
273535439
273524640
273354073
273122648
272540565
272240309
272240268
272235896
272234479
272232615
272232167
272231647
272231176
271896973
271896307
271892168
271889170
271888889
271887935
271590096
271589404
271587836
271587087
271586883
271585052
271584801
271583319
271582423
271581658
271581041
271450144
271437293
271426306
271255288
271241377
271237672
271234576
271148792
271143094
271139371
271132854
271132206
271131594
271131004
270734017
270732744
270724217
270722761
270721358
270426738
270424726
270423795
270422937
270421442
270420622
270114128
270109932
270109787
269807846
269807599
269807140
269804971
269801558
269475142
269474530
269472992
269472156
269471190
269458624
269443488
269436236
269434777
269375658
269365053
269355536
269180709
269179553
269178533
269178163
269177510
269175770
269174383
269172252
268943388
268932284
268899629
268649041
268245473
267723925
266677917
266675478
266668783
266511274
266413567
266218146
266171025
265876658
265869468
265648449
265621114
265332595
265303366
265290099
265003823
264971943
264969843
264738649
264736497
264468432
264464657
264148419
264147157
264144868
263831300
263828826
263066867
263036195
262860685
262855840
261035279
260989242
260946609
260939123
260938969
260726087
260627766
260605288
260172893
259873562
258610482
258351441
258344212
257717793
257402432
256436799
256427481
250409792
248706012
248566787
248562552
248559559
248516370
248463670
248100008
248079085
247986937
247822933
246467119
246464518
245390519
245109078
244826440
244502253
240484411
237554519
214274745
176836891
176623107
175984829
175777241
175771390
175769348
175760866
175758961
175554383
175552042
175539719
175533408
175532414
175071850
175070830
175069502
175021299
174819976
174819549
174818176
174618023
174616435
174614224
174610109
174608550
174607142
174535804
174534067
174522683
174360881
174360311
174220030
174216665
174215400
174204829
174203438
174130506
174129783
173988712
173987842
173986690
173986380
173985610
173984374
173983597
173982752
173981153
173974849
173973359
173972772
173915421
173755294
173754722
173751155
173750167
173748666
173746835
173746060
173744598
173742687
173741968
173739306
173492907
173492531
173491662
173486564
173287781
173285442
173283374
173258437
173257549
173256967
173256675
173256209
172251208
171228047
171223197
170598083
170597860
170596850
170594903
170594094
170587945
170360461
170360112
170317931
170171809
170137356
170136809
170127902
170126003
169843648
169842103
169840148
169837359
169834105
169435553
168612661
284516209
284453863
284445010
284439552
